/home/mvdhnm/torch_env/lib/python3.11/site-packages/torch/nn/functional.py:3782: UserWarning: nn.functional.upsample is deprecated. Use nn.functional.interpolate instead.
  warnings.warn("nn.functional.upsample is deprecated. Use nn.functional.interpolate instead.")
9
level 1024 1 1024
torch.Size([1024])
torch.Size([1024, 1024, 1])
edge torch.Size([2, 2048])
edge_inter torch.Size([2, 3066])
level 512 2 512
torch.Size([512])
torch.Size([1024, 512, 1])
edge_inter torch.Size([2, 1530])
level 256 4 256
torch.Size([256])
torch.Size([1024, 256, 1])
edge_inter torch.Size([2, 762])
level 128 8 128
torch.Size([128])
torch.Size([1024, 128, 1])
edge_inter torch.Size([2, 378])
level 64 16 64
torch.Size([64])
torch.Size([1024, 64, 1])
edge_inter torch.Size([2, 186])
level 32 32 32
torch.Size([32])
torch.Size([1024, 32, 1])
edge_inter torch.Size([2, 90])
level 16 64 16
torch.Size([16])
torch.Size([1024, 16, 1])
edge_inter torch.Size([2, 42])
level 8 128 8
torch.Size([8])
torch.Size([1024, 8, 1])
edge_inter torch.Size([2, 18])
level 4 256 4
torch.Size([4])
torch.Size([1024, 4, 1])
edge_inter torch.Size([2, 16])
9 10 9
9
level 1024 1 1024
torch.Size([1024])
torch.Size([100, 1024, 1])
edge torch.Size([2, 2048])
edge_inter torch.Size([2, 3066])
level 512 2 512
torch.Size([512])
torch.Size([100, 512, 1])
edge_inter torch.Size([2, 1530])
level 256 4 256
torch.Size([256])
torch.Size([100, 256, 1])
edge_inter torch.Size([2, 762])
level 128 8 128
torch.Size([128])
torch.Size([100, 128, 1])
edge_inter torch.Size([2, 378])
level 64 16 64
torch.Size([64])
torch.Size([100, 64, 1])
edge_inter torch.Size([2, 186])
level 32 32 32
torch.Size([32])
torch.Size([100, 32, 1])
edge_inter torch.Size([2, 90])
level 16 64 16
torch.Size([16])
torch.Size([100, 16, 1])
edge_inter torch.Size([2, 42])
level 8 128 8
torch.Size([8])
torch.Size([100, 8, 1])
edge_inter torch.Size([2, 18])
level 4 256 4
torch.Size([4])
torch.Size([100, 4, 1])
edge_inter torch.Size([2, 16])
9 10 9
0 58.25743660586886 11.112808083331402 1.1309856874140678
1 56.84301861189306 0.1903570676606705 0.32332264469732763
2 56.75404972094111 0.12819642878662307 0.2494739570247475
3 56.68782591004856 0.07500899305409803 0.2188189149601385
4 56.604089801898226 0.05232800765497814 0.19592389904573793
5 56.56794671085663 0.04483578826386747 0.18624850249034353
6 56.608609560877085 0.03623114983349751 0.17095739838987356
7 56.59861018997617 0.03322284851958557 0.16420848459165427
8 56.61255936790258 0.028757227238713767 0.15055563632631674
9 56.58639764087275 0.027268750859548163 0.14498495932639344
10 56.60143927601166 0.020826243552960477 0.12949886370552122
11 56.603749667992815 0.020038392910862513 0.1253569121727196
12 56.608757183887064 0.01876546213753727 0.12219070980791003
13 56.55877577094361 0.016277649603068767 0.11522999277804047
14 56.39797878684476 0.015046684987680692 0.11228109172952827
15 56.3161724449601 0.014673217395426263 0.11096454162907321
16 56.30952244391665 0.01328453458580725 0.10671447289496427
17 56.666691411985084 0.01269055346733694 0.10459418583195657
18 56.68889224110171 0.011364913058343973 0.10010660998887033
19 56.6733202340547 0.011014845063158418 0.09810079522139858
20 56.68501879298128 0.009460021115216932 0.09210561892541591
21 56.663821939146146 0.008651305662255027 0.08854120014439104
22 56.660072134109214 0.008475528900561358 0.08677463863205048
23 56.59169137990102 0.008141171209857134 0.08572709998770733
24 56.302021354902536 0.007708193615286518 0.0839687771658646
25 56.30399274197407 0.007269442625414513 0.08156098051404115
26 56.31279229884967 0.0071830492711910665 0.08005207254609559
27 56.323304985882714 0.006873235868312122 0.07949634058240918
28 56.41521776211448 0.006657378347597387 0.07835232249635737
29 56.357575396075845 0.006368358451808831 0.07643175436533056
30 56.36493014008738 0.006142385234355174 0.07458108164428268
31 56.344912881962955 0.005844661770737503 0.0732932383325533
32 56.343010626966134 0.005600665159548157 0.07195882074302062
33 56.32441576290876 0.005453175750673722 0.07107219539830112
34 56.35866530309431 0.005235156604612712 0.06958937962554046
35 56.36483503389172 0.005065161538809093 0.06862918578917743
36 56.33419615589082 0.00488782379420627 0.06775840955015155
37 56.353313019964844 0.00476438896714626 0.06684801073060953
38 56.346544751897454 0.004675398289180066 0.0662507410524995
39 56.3540677819401 0.0047999044613362685 0.06704952173458878
40 56.35210149199702 0.004812023265060361 0.06684253249477479
41 56.34923355304636 0.0045081053990685405 0.06513222918147221
42 56.363614010158926 0.004289375128905704 0.06393131293225451
43 56.36647768202238 0.004112565158024495 0.06279247084239614
44 56.35501132206991 0.003997717676909929 0.06207630039716605
45 56.39105489803478 0.003939184880010771 0.06150411294584046
46 56.3599401160609 0.0037916866778289204 0.06060132258062367
47 56.36518282000907 0.0037374348916259237 0.0600230694108177
48 56.332131047034636 0.0036449104246685238 0.05946311178195174
49 56.34134189900942 0.0036133756744760603 0.058983931281545665
50 56.348889731103554 0.003713803464506782 0.05957675277568342
51 56.31584812491201 0.0035278609646738346 0.05825035920679511
52 56.31164497206919 0.0034064500920010232 0.057358067730092444
53 56.30648532207124 0.003307008772786446 0.056596685997647
54 56.30155586497858 0.003220900699517415 0.055906863233758486
55 56.671332489931956 0.0031582770157854156 0.05542080234226887
56 56.677108987933025 0.0030833884013077295 0.0548358658052166
57 56.7631706148386 0.003028155291872281 0.05437365010220674
58 56.746663661906496 0.0029835081314004697 0.05399369747101446
59 56.7544103639666 0.002947691258434304 0.05359250749825151
60 56.391519909957424 0.0030195166472992696 0.053946296213325695
61 56.367459003813565 0.002902657938214759 0.053086206686202786
62 56.36119441385381 0.0028120565514271334 0.05232609412269085
63 56.36195275816135 0.002748534875152586 0.05175659740962146
64 56.339079475961626 0.002691961404075016 0.051230966246293974
65 56.352060422999784 0.0026404330173903645 0.05074977382719226
66 56.345190431922674 0.002604125320125661 0.050382685629301704
67 56.739554148865864 0.0026053579340015176 0.05013500175664376
68 56.74711694708094 0.002526330871553739 0.04966785222495673
69 56.757145676063374 0.0024767502208646874 0.04929901299874473
70 56.74421304697171 0.002525271362024739 0.049414670318583376
71 56.741298351902515 0.0024441043353178316 0.04879779549082741
72 56.74203530093655 0.002384982616511877 0.04822838569089072
73 56.748787545831874 0.002350948462506608 0.0478998924154439
74 56.751641516108066 0.0023096082931814976 0.04749132513279619
75 56.746280770981684 0.0022822797860371224 0.047195586153975455
76 56.7617976940237 0.00224876275631658 0.04690168170418474
77 56.75285492115654 0.002218175992648952 0.04660425782094535
78 56.74815150210634 0.0021912187335821898 0.04634360623458633
79 56.756606583017856 0.002166895523568968 0.04608338770958653
80 56.73555112606846 0.0021879791721062247 0.0462008992471965
81 56.741157501004636 0.0021365001440827314 0.04569506271582213
82 56.69785472098738 0.002096242698119255 0.04530317686840135
83 56.69805236393586 0.0020678894449801533 0.045005618419963866
84 56.721904433798045 0.002038331730744858 0.04471621561424399
85 56.75659000198357 0.0020155997879314214 0.044481726914455066
86 56.762483943020925 0.001993397393174945 0.04424367125102435
87 56.74914821400307 0.0019736551288715987 0.044040006627255934
88 56.75727878604084 0.0019545276981389748 0.043837384624566766
89 56.76557305990718 0.0019369873887029598 0.043647125268762466
90 56.77325498103164 0.001987161603842935 0.04412578824667435
91 56.79992636595853 0.001949125623966097 0.04373464256968873
92 56.7387814889662 0.001920438706552119 0.04342616381654807
93 56.737142311176285 0.001895795050664617 0.04315267393940303
94 56.71167846210301 0.0018747578197704229 0.042923789524138556
95 56.72645595809445 0.0018546099218568202 0.042698741190179135
96 56.726953190984204 0.0018370437399539696 0.042502560190769145
97 56.70951168611646 0.001820794216950361 0.04232414115904248
98 56.721320203039795 0.0018056548464784328 0.04214841754946974
99 56.73104819911532 0.0017904020796741804 0.041977807670264156
100 56.72302208584733 0.0018148314295842738 0.04217509221416549
101 56.70350049203262 0.0017926554145972773 0.0419241644685826
102 56.71722037997097 0.0017743331957653652 0.041712901498613064
103 56.710701160132885 0.0017568465364590224 0.04151672441912524
104 56.71011543390341 0.0017413298528268228 0.04133918201114284
105 56.73109253915027 0.0017273386920848566 0.04117997009961982
106 56.73219108302146 0.0017139200086404571 0.041030242035049014
107 56.74339214898646 0.0017014018783463314 0.04088953407153895
108 56.74176552193239 0.0016891017722819868 0.04074788848993194
109 56.735843915026635 0.001677500636727558 0.040612986509586335
110 56.739671748131514 0.0016774579983405147 0.04056528742694354
111 56.74010855797678 0.001659540685778893 0.04036450139756198
112 56.74656146392226 0.0016464786565002498 0.04021364993968746
113 56.73521176492795 0.0016348171326541205 0.04007822096536984
114 56.72562716016546 0.0016240644283769257 0.03995130164003058
115 56.75240185810253 0.0016140098975014894 0.03983432062341308
116 56.76065680803731 0.0016048355381457213 0.039724919353830046
117 56.75359941390343 0.0015955041174038342 0.03961681835426134
118 56.76712730713189 0.0015866561130764012 0.03951124078776047
119 56.74564734194428 0.0015780294060299127 0.0394117576906865
120 56.75002250401303 0.001570985978673889 0.03932061785781116
121 56.748307638801634 0.0015589087600389462 0.03917678917241574
122 56.752651874907315 0.0015496656244522455 0.039066656905561103
123 56.78867152193561 0.001541213893915483 0.03896700629229599
124 56.74972776090726 0.001533302422370042 0.03887293442130613
125 56.7374231540598 0.0015259258090765115 0.03878598875598982
126 56.75197987095453 0.001518746848130803 0.03870018237284967
127 56.759913745103404 0.0015120239037429428 0.03861624067212688
128 56.73207431985065 0.0015053638370368105 0.038538019736733986
129 56.7474898530636 0.0014986996028056865 0.03845905799607863
130 56.746689799940214 0.001493816900808298 0.03841237711458234
131 56.7540551670827 0.0014846611261454257 0.03830650709278416
132 56.86473100911826 0.0014776653535761852 0.03822280215899809
133 56.861861226847395 0.001471495613142082 0.03814636722927389
134 56.8407138439361 0.00146526497480437 0.03807181313459296
135 56.87372575793415 0.001459812518870507 0.03800337446227786
136 56.847717428114265 0.0014539896353795712 0.03793272961593175
137 56.85592657397501 0.001449167310681787 0.0378704909580847
138 56.8593258629553 0.0014438376061534086 0.03780733122039237
139 56.84446546505205 0.0014390306446898649 0.03774590975990577
140 56.84863161901012 0.001434047023195717 0.03769953929258918
141 56.855524255894125 0.0014277215172242563 0.037618242804455804
142 56.85099439392798 0.0014223166491618144 0.03755109547455504
143 56.842934612883255 0.0014176744692697696 0.03749110706303327
144 56.85463629080914 0.0014128757397600111 0.03743270556515199
145 56.84465488092974 0.0014089204493572538 0.03737916412137565
146 56.840572045883164 0.001404351108675428 0.03732366125950648
147 56.830055254045874 0.0014003218698306341 0.03727060519668157
148 56.84040458011441 0.0013961913243392132 0.03721909872365359
149 56.85062152007595 0.0013923441520020674 0.037170294861425646
150 56.8489369279705 0.0013873742725749594 0.03711118617866305
151 56.833936041919515 0.0013822292177145812 0.0370460842968896
152 56.82584030018188 0.0013783895150467629 0.03699662713370344
153 56.839481820119545 0.0013744816364607004 0.03694737560726935
154 56.85954191698693 0.0013710314997581463 0.03690202161305933
155 56.91316548897885 0.0013674480980299109 0.036856666005405714
156 56.890675065107644 0.0013642011198413684 0.03681411432080495
157 56.87554386886768 0.0013609372841543177 0.036772140263565234
158 56.855536406161264 0.001357899833131171 0.03673199873628619
159 56.740495326928794 0.0013546160462709622 0.03669050119424355
160 56.75028909719549 0.001350432066651308 0.03662911978062766
161 56.75331802596338 0.0013465556421579095 0.03657964103513223
162 56.74098257604055 0.0013433371421101015 0.03653788913652534
163 56.72974086180329 0.0013405764652638652 0.0365006768170133
164 56.747977865859866 0.0013377768998168449 0.036464025144596235
165 56.78142529493198 0.0013351810904040917 0.03642928195949935
166 56.76335025718436 0.0013324750361149995 0.036394019320141524
167 56.763470138888806 0.001329946707944174 0.03635979161117575
168 56.76887670299038 0.00132752326075547 0.03632665529039514
169 56.76089646178298 0.0013251210195690533 0.036294914832978975
170 56.76155252894387 0.001322026796543696 0.036238563607184915
171 56.74410773697309 0.001319138785767393 0.03620041764952475
172 56.72318363795057 0.001316868924270409 0.03616912362485891
173 56.72559339995496 0.0013146586950902872 0.03613869836226513
174 56.72227468318306 0.0013123800782679496 0.03610920666687889
175 56.729804466012865 0.0013104149003098087 0.03608196866662183
176 56.723860756028444 0.0013083951704473407 0.03605448853886628
177 56.70648628217168 0.0013063742886991747 0.03602771150690387
178 56.71367720793933 0.0013045491989025493 0.03600211211414717
179 56.7040381510742 0.0013026335475601059 0.03597579990855593
180 56.7204325881321 0.0013000881276319376 0.03592792331073724
181 56.70844013802707 0.0012979508977082332 0.03589840520180587
182 56.72084218589589 0.0012960954741174646 0.03587330015216139
183 56.712400197051466 0.001294262206105401 0.035848756504492485
184 56.734795396914706 0.001292683610628842 0.03582681050284009
185 56.738340734969825 0.001291022569446909 0.03580435973890417
186 56.7813925598748 0.001289426237104152 0.035782800365268486
187 56.758885809918866 0.0012878443805348638 0.035761549554081284
188 56.75698647019453 0.00128639714126777 0.03574146724349703
189 56.774521889863536 0.0012847777880686806 0.03572024670938845
190 56.78533024108037 0.0012829219901924205 0.03568405305304623
191 56.77021412295289 0.0012811276946074202 0.03565891808102606
192 56.52282894519158 0.001279652491650296 0.03563855734319077
193 56.538762929150835 0.001278150099665254 0.03561947821799549
194 56.536354032112285 0.0012769480168834946 0.035602155528977164
195 56.54304187488742 0.001275611325496584 0.03558378800335049
196 56.51823059213348 0.0012742858622090125 0.03556612247120938
197 56.507456592982635 0.0012730599286641109 0.035549393889596104
198 56.53200198104605 0.0012718426622271295 0.035532695224901545
199 56.52626189193688 0.0012705933870265085 0.035516062707756646
0 0.04115278273820877
1 0.0889701098203659
2 0.042851150035858154
3 0.050016455352306366
4 0.031715087592601776
5 0.0418957844376564
6 0.03989795595407486
7 0.12432537972927094
8 0.05593159422278404
9 0.04394633695483208
10 0.05038488283753395
11 0.03461272642016411
12 0.06443248689174652
13 0.09005440771579742
14 0.045678798109292984
15 0.030211415141820908
16 0.03757774829864502
17 0.058560680598020554
18 0.04107850790023804
19 0.05051141604781151
20 0.028262654319405556
21 0.02856520563364029
22 0.06578902155160904
23 0.0724257081747055
24 0.043317217379808426
25 0.0712546780705452
26 0.054140105843544006
27 0.03915062174201012
28 0.03971335291862488
29 0.04280637949705124
30 0.04597290977835655
31 0.04718922823667526
32 0.03173328936100006
33 0.040858570486307144
34 0.09781590104103088
35 0.06417141109704971
36 0.03543539345264435
37 0.04094839096069336
38 0.02997814305126667
39 0.034710973501205444
40 0.05833893269300461
41 0.07637722790241241
42 0.03451979160308838
43 0.0513935349881649
44 0.05942932516336441
45 0.03407588601112366
46 0.03258886933326721
47 0.03156647831201553
48 0.06428813189268112
49 0.057541538029909134
50 0.031220167875289917
51 0.03292711824178696
52 0.03895857557654381
53 0.04919291287660599
54 0.04180466756224632
55 0.056525133550167084
56 0.07547249644994736
57 0.04480867460370064
58 0.19229064881801605
59 0.042331818491220474
60 0.060086145997047424
61 0.05284871533513069
62 0.04095961153507233
63 0.03242470324039459
64 0.03921717405319214
65 0.074769988656044
66 0.03247448429465294
67 0.11475654691457748
68 0.03933357819914818
69 0.04426780715584755
70 0.04964335635304451
71 0.041654426604509354
72 0.045462336391210556
73 0.045383621007204056
74 0.07843988388776779
75 0.05000048130750656
76 0.06611698865890503
77 0.05776877701282501
78 0.07338020205497742
79 0.0441536083817482
80 0.059962961822748184
81 0.057974327355623245
82 0.029516391456127167
83 0.06764975935220718
84 0.05579209327697754
85 0.056059617549180984
86 0.03293413668870926
87 0.02967849187552929
88 0.04128146916627884
89 0.059910960495471954
90 0.04817267879843712
91 0.05905405804514885
92 0.07764677703380585
93 0.050383858382701874
94 0.18754293024539948
95 0.044575415551662445
96 0.0784636065363884
97 0.09168165922164917
98 0.0377158485352993
99 0.07056713849306107
200 1.8639033560175449 0.05443403409793973
