1.130985687414067797e+00
3.233226446973276325e-01
2.494739570247475058e-01
2.188189149601384997e-01
1.959238990457379259e-01
1.862485024903435260e-01
1.709573983898735605e-01
1.642084845916542690e-01
1.505556363263167441e-01
1.449849593263934366e-01
1.294988637055212166e-01
1.253569121727196034e-01
1.221907098079100251e-01
1.152299927780404687e-01
1.122810917295282707e-01
1.109645416290732101e-01
1.067144728949642740e-01
1.045941858319565654e-01
1.001066099888703320e-01
9.810079522139858454e-02
9.210561892541591078e-02
8.854120014439104125e-02
8.677463863205048256e-02
8.572709998770733364e-02
8.396877716586459428e-02
8.156098051404114813e-02
8.005207254609558731e-02
7.949634058240917511e-02
7.835232249635737389e-02
7.643175436533056200e-02
7.458108164428267628e-02
7.329323833255330101e-02
7.195882074302062392e-02
7.107219539830111898e-02
6.958937962554045953e-02
6.862918578917742707e-02
6.775840955015155487e-02
6.684801073060953058e-02
6.625074105249950662e-02
6.704952173458877951e-02
6.684253249477478676e-02
6.513222918147221208e-02
6.393131293225451373e-02
6.279247084239614196e-02
6.207630039716605097e-02
6.150411294584046118e-02
6.060132258062367328e-02
6.002306941081769764e-02
5.946311178195173852e-02
5.898393128154566512e-02
5.957675277568341698e-02
5.825035920679511037e-02
5.735806773009244353e-02
5.659668599764700048e-02
5.590686323375848588e-02
5.542080234226887114e-02
5.483586580521659926e-02
5.437365010220673867e-02
5.399369747101445682e-02
5.359250749825150706e-02
5.394629621332569513e-02
5.308620668620278593e-02
5.232609412269084714e-02
5.175659740962146316e-02
5.123096624629397411e-02
5.074977382719225716e-02
5.038268562930170447e-02
5.013500175664376002e-02
4.966785222495673224e-02
4.929901299874472897e-02
4.941467031858337577e-02
4.879779549082741141e-02
4.822838569089071825e-02
4.789989241544390097e-02
4.749132513279619161e-02
4.719558615397545509e-02
4.690168170418473892e-02
4.660425782094534952e-02
4.634360623458633199e-02
4.608338770958653186e-02
4.620089924719650298e-02
4.569506271582213230e-02
4.530317686840135138e-02
4.500561841996386647e-02
4.471621561424399260e-02
4.448172691445506644e-02
4.424367125102435239e-02
4.404000662725593429e-02
4.383738462456676643e-02
4.364712526876246557e-02
4.412578824667434674e-02
4.373464256968873087e-02
4.342616381654806901e-02
4.315267393940303009e-02
4.292378952413855586e-02
4.269874119017913472e-02
4.250256019076914527e-02
4.232414115904248320e-02
4.214841754946974106e-02
4.197780767026415560e-02
4.217509221416548826e-02
4.192416446858260315e-02
4.171290149861306418e-02
4.151672441912523936e-02
4.133918201114283875e-02
4.117997009961982258e-02
4.103024203504901379e-02
4.088953407153894659e-02
4.074788848993193824e-02
4.061298650958633516e-02
4.056528742694354150e-02
4.036450139756198041e-02
4.021364993968745694e-02
4.007822096536983736e-02
3.995130164003057871e-02
3.983432062341307756e-02
3.972491935383004602e-02
3.961681835426134057e-02
3.951124078776047099e-02
3.941175769068649970e-02
3.932061785781115759e-02
3.917678917241573799e-02
3.906665690556110349e-02
3.896700629229599144e-02
3.887293442130612675e-02
3.878598875598981977e-02
3.870018237284966744e-02
3.861624067212687805e-02
3.853801973673398606e-02
3.845905799607862718e-02
3.841237711458234116e-02
3.830650709278415889e-02
3.822280215899809264e-02
3.814636722927389201e-02
3.807181313459295779e-02
3.800337446227786131e-02
3.793272961593174841e-02
3.787049095808470156e-02
3.780733122039237060e-02
3.774590975990577135e-02
3.769953929258917924e-02
3.761824280445580371e-02
3.755109547455504071e-02
3.749110706303326879e-02
3.743270556515199132e-02
3.737916412137565203e-02
3.732366125950647984e-02
3.727060519668157212e-02
3.721909872365358751e-02
3.717029486142564565e-02
3.711118617866304703e-02
3.704608429688960314e-02
3.699662713370344136e-02
3.694737560726935044e-02
3.690202161305933259e-02
3.685666600540571380e-02
3.681411432080494706e-02
3.677214026356523391e-02
3.673199873628618661e-02
3.669050119424355216e-02
3.662911978062766138e-02
3.657964103513222653e-02
3.653788913652533665e-02
3.650067681701330002e-02
3.646402514459623490e-02
3.642928195949934889e-02
3.639401932014152408e-02
3.635979161117575131e-02
3.632665529039513785e-02
3.629491483297897503e-02
3.623856360718491487e-02
3.620041764952475205e-02
3.616912362485891208e-02
3.613869836226513144e-02
3.610920666687889025e-02
3.608196866662183311e-02
3.605448853886628058e-02
3.602771150690387003e-02
3.600211211414716672e-02
3.597579990855592769e-02
3.592792331073724199e-02
3.589840520180587191e-02
3.587330015216139145e-02
3.584875650449248496e-02
3.582681050284008961e-02
3.580435973890416790e-02
3.578280036526848562e-02
3.576154955408128444e-02
3.574146724349702708e-02
3.572024670938844793e-02
3.568405305304622743e-02
3.565891808102605864e-02
3.563855734319076873e-02
3.561947821799549274e-02
3.560215552897716407e-02
3.558378800335049164e-02
3.556612247120938264e-02
3.554939388959610369e-02
3.553269522490154486e-02
3.551606270775664598e-02
